0;4.83333333333;584.902587891;298.448883057;0.0;55.6324666341;55.1558456421;55.9962348938;0.12407688533;7.06976944208;0.625961005688;13.2208204269;26.4812674362;521.472279867;1.0
0;5.48045969009;499.769927979;240.31237793;0.0;56.2438189189;54.9205169678;57.6143417358;1.21056355193;18.578034083;16.5895786285;20.296628952;2.32678271795;433.082458496;1.0
0;4.16666674614;634.553324382;316.271413167;0.0;56.1251589457;55.1966590881;56.746181488;0.447441094335;22.0467249552;21.4030666351;22.5907402039;0.240059121823;584.444580078;1.0
0;4.09999990463;639.439534505;348.047551473;0.0;56.3698616028;56.0773582458;56.8413009644;0.113277126404;22.9714514414;22.9326190948;23.0227375031;0.00143110209158;601.35256958;1.0
0;4.37777797381;615.881103516;308.615946452;0.0;56.445543925;55.7560958862;57.1903839111;0.34439782365;23.4283180237;23.301776886;23.5210914612;0.00858660927042;559.799051921;1.0
0;4.73333310088;2484.71549479;1616.29631042;0.0;75.831867218;53.7106704712;58.7371559143;3.6208652727;23.5791043739;0.293166011572;23.5736274719;100.820925409;1954.32033285;2.0
0;4.46666668852;2538.46994019;1659.12632751;0.0;109.232415517;53.3572692871;57.6932029724;2.26080148313;35.3350750109;0.293166011572;23.5427322388;67.0471260679;2019.34124756;2.0
0;4.8444442749;532.72454834;252.018681844;0.0;91.2410481771;52.6968078613;56.4629974365;2.83462199022;35.361483256;17.7261543274;23.5680465698;8.12385938725;486.111633301;2.0
0;4.79999987284;528.53789266;261.030878703;0.0;56.1794281006;55.775894165;56.4574661255;0.0852980013393;23.4725996653;23.35795784;23.5983772278;0.00969558266014;493.53112793;1.0
0;3.47777764002;760.439453125;396.125366211;0.0;91.8579661051;52.434627533;58.577381134;5.43758099656;35.3918113708;17.7265357971;23.5962257385;8.00926183436;641.76767985;2.0
0;1.92222200707;20230.1045329;7685.58985392;0.0;106.830172221;52.3298072815;55.6904296875;1.43936181136;41.3577130636;17.7698669434;23.6997585297;8.22928208855;20097.5767008;2.0
0;4.71111063535;32216.2279053;14298.5849101;0.0;129.959944407;52.8152770996;59.5;3.99085099015;41.3316103617;0.0;23.6645832062;59.2565831333;32011.2736816;3.0
0;5.23754792412;8054.25736491;8877.43389893;0.0;108.90389506;52.0210151672;56.6952362061;1.95790752339;27.8421541452;0.344108998775;23.6470050812;108.783750147;6811.21481323;2.0
0;4.45555603753;10575.9990234;8331.2549235;0.0;144.939716339;51.7787437439;59.4580001831;6.65510106606;53.760163943;15.9511156082;23.6644363403;8.01706050504;10143.5216675;3.0
0;5.188888972;19943.387502;24736.5206095;0.0;144.086249034;51.973777771;58.5295257568;6.90912695046;57.2070852915;17.7579841614;23.531206131;5.13255913173;19758.3836873;3.0
0;5.08237569779;17580.3216756;12330.4077962;0.0;146.136857351;52.1052627563;58.86561203;8.16490323888;58.8717727661;17.8159427643;23.5466518402;6.05528305293;17345.6602478;3.0
0;4.67777757595;33431.9535014;41731.8585358;0.0;143.844290415;51.749130249;57.7184448242;6.78355769414;58.9646320343;17.7753257751;23.8407917023;6.29248139555;33866.8456523;3.0
0;10.5708811047;53322.9736125;4779.02393341;1.0;198.584754944;51.9527130127;57.3429679871;3.94953445236;65.4173921446;0.0;24.1240005493;75.2409024834;54707.1124013;4.0
0;12.1298846702;19549.6160278;11311.7725321;0.0;218.302616119;51.9230766296;58.150390625;4.55481712568;79.5048456192;8.9317483902;24.1211833954;20.5685678443;16374.3682963;4.0
0;13.5203068306;6143.2000885;2315.04225922;0.0;186.131188711;52.7158088684;59.8634529114;5.09368462249;73.7202955882;17.9227905273;24.0319728851;4.40925207589;19642.9475759;4.0
0;11.5099620136;58620.7791189;23762.0023295;0.0;199.712936401;51.6145820618;57.2909431458;3.23884800804;78.3857434591;17.7401790619;23.9307689667;5.74862865585;53723.6893158;4.0
0;11.8333334153;40155.4468791;34545.1559881;0.0;215.547945658;51.9440574646;56.0546150208;1.49609435618;86.6132946014;17.9117012024;24.1538772583;5.79197426598;35585.7654928;4.0
0;13.0222222432;35223.5323181;34492.7745285;0.0;199.442062378;52.6932640076;55.9793624878;1.42451087179;78.6005071004;17.823589325;23.8706073761;5.70682859618;33167.3016154;4.0
0;10.8222226227;7563.26938883;4361.2228775;0.0;200.972300212;52.2922554016;58.00390625;4.1124016093;80.7431329091;17.784450531;23.9684810638;4.93918875311;25292.5283152;4.0
0;13.5574713821;40260.0344035;3657.03343709;0.0;236.716734568;52.3932991028;57.8424110413;2.69209482668;86.3589145591;0.127441003919;23.9008789062;38.6126619449;39833.6387634;5.0
0;12.6272027617;25877.7709808;20682.6039174;0.0;253.195776622;52.6205673218;57.5551261902;1.92863259355;98.863875707;17.7142868042;23.9565887451;6.3770495496;23596.8509064;5.0
0;12.2697311491;32033.6559143;31989.2548345;0.0;236.433466593;52.2425308228;57.2346153259;1.67197184674;92.7641576131;17.7142868042;24.0501422882;6.15906232749;30010.9704488;5.0
0;13.1701149841;6268.51805623;4169.49824524;0.0;180.395811717;52.2548332214;57.4758224487;2.40440376107;74.8103720347;17.8220863342;23.8635387421;3.32164165602;11748.6906535;4.0
0;12.8666664362;9660.94111633;3900.7817688;0.0;215.259827932;52.0298233032;56.6457138062;2.56036301953;86.3808587392;17.5596008301;23.8678474426;6.07158735057;9003.35357666;4.0
0;12.2011493966;14520.8754679;8315.85612742;0.0;181.451123556;52.4215164185;56.1679229736;1.5178714433;74.8582928975;17.7950229645;23.9329566956;3.23215473491;13610.2734833;4.0
0;11.6168586314;22309.4289856;2519.85159556;0.0;250.382906596;53.0321426392;54.59375;0.255611087792;99.1112747192;17.7658576965;23.9946479797;6.27180930057;21568.6069285;5.0
0;12.450191319;13808.9449768;13273.3685506;0.0;202.480136871;51.9335670471;58.9464302063;5.62890347769;80.9212093353;18.2365341187;23.950674057;4.13800682852;12908.3992971;4.0
0;11.0000002161;11467.8103689;8381.03954824;0.0;251.53209432;52.5575218201;55.821762085;1.05109119563;98.5525830587;17.7329769135;23.7915534973;6.08114940446;11835.5896912;5.0
0;13.1111110635;23688.0374756;3591.30476888;0.0;235.602612813;52.2640838623;56.7490501404;1.53938524066;92.9467786153;17.7329769135;23.9957046509;5.98477830491;23945.4524892;5.0
0;11.4222221511;35032.9808146;15879.1454366;0.0;250.362603505;52.1052627563;58.1232872009;2.76082948307;98.7345250448;17.846529007;23.7432479858;6.29090672202;34254.7799479;5.0
0;13.9444443261;40459.6873678;8136.05088552;0.666666666667;270.572577159;52.2636222839;58.185546875;2.89619428878;95.1784375111;0.0;24.419839859;55.8273767192;29554.810023;6.0
0;14.0636012355;5313.15869141;3006.13589478;0.0;344.424050649;52.161403656;57.4305000305;2.62309096103;133.224531492;11.8718595505;24.5862941742;11.6917623599;13249.4855652;7.0
0;16.7333329096;58489.2318878;2855.70131938;0.0;308.055896759;51.5920143127;58.7376708984;5.20254070529;119.524940491;17.6236400604;24.732585907;6.05629696484;58119.9766032;6.0
0;17.2731802886;17452.2077026;14112.9742203;0.0;305.166536967;51.6382598877;57.0690994263;2.98927994541;126.237520854;17.5021629333;24.7679786682;5.11198377863;16678.0129649;6.0
0;15.7888891324;23740.153539;21660.4946645;0.0;304.266118368;51.8586387634;56.6914291382;1.84961823043;122.08850352;17.5021629333;24.7032489777;5.32921341046;33355.3027649;6.0
0;18.9689656347;32910.1528524;24862.0428874;0.0;344.268552144;51.979019165;57.2674407959;3.5136626442;134.232798894;17.748298645;25.0417671204;5.78449564017;34087.5217234;7.0
0;20.0731794424;35676.7235819;21777.7801819;0.0;386.782272339;51.9178314209;61.3966941833;9.40620822894;139.615862876;0.427599996328;25.0417671204;29.4868063042;35169.0150146;8.0
0;21.8559390381;27855.2857056;3962.17086792;0.0;400.302932739;51.8951034546;60.7750511169;4.50046586501;151.195203781;16.7138462067;24.9793586731;6.8833437485;34132.9741465;8.0
0;19.2685820051;72105.5799764;16682.7316895;1.66666666667;419.634063721;52.12084198;57.5319137573;3.56659174342;162.144971848;17.7222156525;24.8251152039;7.19898406668;67151.4344635;8.0
0;20.2666668023;108315.510712;33476.5262756;0.666666666667;327.580281576;52.12084198;58.1585121155;2.96948729681;124.692972183;17.7222156525;24.6828670502;5.53406497848;107014.775579;7.0
0;20.6467427847;68528.7118378;28794.2807465;0.666666666667;359.117290497;51.6197929382;57.1884613037;1.58770064155;140.661956151;18.0424766541;24.7313499451;5.99037355419;79284.2954712;8.0
0;21.8988505205;9858.21799723;7641.29834493;0.0;360.491441091;51.8970336914;56.7404594421;1.93965869893;142.61065801;17.8980121613;24.906709671;5.97162632875;64161.8880361;8.0
0;6.33333333333;402.167205811;190.21110026;0.0;54.2084604899;53.583782196;55.3556785583;0.659793361132;18.3544953664;16.5012588501;19.7257099152;1.84902003377;353.473602295;1.0
0;6.62222194672;372.7315979;178.581675212;0.0;53.9432652791;52.7033729553;56.2136116028;2.58454694991;20.7054564158;20.5660953522;20.8961734772;0.0194773140182;336.134114583;1.0
0;6.5226055781;386.289265951;172.900110881;0.0;54.1309700012;53.7749557495;54.4688644409;0.0804157091285;21.0186436971;20.8111877441;21.2052688599;0.0261002818718;352.8818868;1.0
0;7.75555547078;300.520812988;127.119801839;0.0;54.2333285014;52.6382980347;55.6074752808;1.49373038812;20.8702500661;20.799249649;20.9921264648;0.00749442709962;269.117090861;1.0
0;6.86666663488;363.613616943;161.235875448;0.0;54.9439900716;53.7436828613;55.9284362793;0.81882256911;20.6972707113;20.4641113281;21.0328655243;0.0591600645914;325.381276449;1.0
0;11.2999999523;852.900227865;440.84735616;0.0;112.514238993;52.5592918396;64.5271148682;15.5832738963;21.6361941497;0.0;21.2423095703;103.481490071;821.171468099;2.0
0;11.6888889472;913.933024089;459.792485555;0.0;108.723951976;53.4982032776;55.936088562;0.635148147977;34.4829502106;8.86741733551;21.1566200256;20.4790922382;798.31258138;2.0
0;12.5777780215;835.71303304;397.827290853;0.0;108.453299205;53.0607147217;55.327747345;0.51817274447;41.8501796722;19.8453025818;21.8747196198;0.349057801453;751.396046956;2.0
0;11.3111109734;948.434946696;459.876711528;0.0;109.080599467;52.492931366;56.4904937744;2.49775500951;43.773621877;21.0223331451;22.8610267639;0.708942784433;853.742879232;2.0
0;10.1555557251;1152.68751017;580.628143311;0.0;113.959299723;54.672794342;60.4349594116;3.2986928829;44.2712160746;21.0483436584;23.318447113;1.0642411181;990.063842773;2.0
0;11.1111112436;875.654612223;399.753575643;0.0;110.647253672;53.9836654663;56.6641235352;0.718627143134;44.2213147481;20.9083862305;23.3145198822;1.22009354996;791.223520915;2.0
0;16.3858239651;1745.27305094;893.873240153;0.0;172.429709117;54.2226295471;67.4625854492;14.0872969153;53.3909362853;0.0810939967632;23.419708252;54.6944707466;1442.19291687;3.0
0;17.7777776718;1318.38820394;637.643539429;0.0;166.675556183;52.7815284729;57.4796905518;1.61072070238;62.2659702301;17.6220989227;23.5229129791;5.19226698164;1157.89057414;3.0
0;19.0555559794;1375.85755412;700.988220215;0.0;164.39278539;54.0236358643;56.7123794556;0.724347490335;62.5365085602;18.0889892578;23.4227085114;4.46167553;1184.61931356;3.0
0;17.8888883591;1527.84628296;792.472134908;0.0;165.181546529;53.5992774963;57.415058136;1.68550081203;62.4887523651;17.962720871;23.5500431061;4.78902502189;1341.14781698;3.0
0;18.5796933969;1410.6635437;730.136286418;0.0;165.503522237;52.744228363;56.6450386047;1.39920173748;62.4756832123;17.9494075775;23.4652957916;4.71014429798;1237.15371704;3.0
0;19.2999998728;1327.75310771;634.909205119;0.0;166.37478892;53.9419250488;57.3938217163;1.45350319642;62.5953267415;17.925868988;23.2982006073;4.39678458366;1162.87078857;3.0
0;19.04444472;1255.81694031;605.144121806;0.0;165.236207326;54.1785049438;56.1361045837;0.292997778573;62.4034900665;17.9599456787;23.4658870697;4.26580280768;1112.22323608;3.0
0;18.6754790147;1590.29107157;843.016377767;0.0;200.79058075;52.3721351624;60.7832298279;5.99961704559;71.1128520966;11.5265169144;23.6331729889;16.3871615575;1397.08797201;4.0
0;20.47777764;1173.52793884;537.202250163;0.0;201.909824371;51.9492988586;58.9029693604;4.0649168975;74.3760490417;17.8463783264;23.4785194397;5.26590573943;5869.64878845;4.0
0;20.3226056099;1160.95858765;537.094795227;0.0;184.140561422;51.9492988586;57.0038299561;1.6606527412;68.3182735443;17.8800563812;23.4480133057;5.01556855335;5840.17195638;4.0
0;19.6068967183;1303.432429;606.732355754;0.0;217.947451274;52.5752220154;57.441860199;2.36823607426;80.5275522868;17.9795589447;23.4620361328;4.78752519054;1133.47438558;4.0
0;19.6555556456;1446.4991099;736.246348063;0.0;204.367420197;53.9455528259;60.0969696045;4.91230916178;74.3746630351;17.9070549011;23.4199981689;4.71911734062;1278.64868673;4.0
0;20.7444448148;36198.8846283;42970.2658895;0.666666666667;253.275266012;52.6205673218;57.4990310669;2.90100714993;80.4205711534;0.0;23.5101337433;53.706504155;28809.2783508;5.0
0;19.2816096631;6922.16958618;5514.4254303;0.0;253.525241852;52.7637672424;57.0595016479;1.62551850605;83.2781885316;0.104875996709;23.5095787048;34.5887753184;55994.1584117;5.0
0;20.0153254146;62623.3177185;5643.52023315;0.0;253.312192281;52.5592918396;57.5783348083;1.401555981;93.0794579188;15.0911779404;23.578207016;5.6492956644;6312.09729004;5.0
0;19.0616857459;12919.1750336;9572.41314697;0.0;235.859035492;52.3257026672;56.4904937744;1.61570048722;90.5336990356;17.7926101685;23.4212360382;4.08704696745;12695.4497375;5.0
0;18.0777772504;14483.6237081;6914.65158844;0.0;218.76917394;52.3257026672;58.4744110107;3.6927421565;83.8621126811;17.7926101685;23.5694007874;5.33725984154;9350.17405192;5.0
0;18.3777768575;53495.9989522;6636.45034536;0.0;257.958520253;52.5989112854;57.4951629639;1.68395070618;97.9104181925;17.7982616425;23.6812076569;5.93112389711;45662.5113831;5.0
0;24.2808424955;8557.5343221;6163.07750956;0.0;291.92500941;51.8394432068;60.3882102966;6.63911144381;93.5269041459;0.0;24.0619754791;55.0606236611;6903.24091085;6.0
0;25.966666727;23405.5190938;5267.12327067;0.333333333333;333.524528503;51.8080291748;62.2150306702;9.86820172881;121.355526288;14.7209043503;23.9694347382;7.72812960318;22078.5625305;6.0
0;24.8111113595;50961.2863871;14443.7182465;0.333333333333;305.519218445;51.6834793091;56.0396232605;1.56456292049;119.422229767;17.7630157471;24.0726261139;4.99068994759;49948.0073446;6.0
0;24.3885062064;31921.25118;26092.0471471;0.0;325.606789907;51.7961654663;56.3276519775;2.39022358777;125.697334925;17.6908397675;24.1026439667;5.6283375042;31416.3493856;6.0
0;25.7555553963;30170.6710612;24637.7184347;0.666666666667;308.037217458;51.9877624512;56.8757171631;2.72224089958;119.907143911;17.9540557861;24.0592460632;5.18402411855;24859.1682994;6.0
0;26.3421460837;31077.5330149;9146.56712596;0.0;293.139954885;52.6241149902;57.4420852661;1.96551164413;113.935447057;17.8042182922;24.1030864716;5.07639961315;26833.7838796;6.0
0;24.8260541484;17172.4123535;10770.8126424;0.666666666667;322.325223287;53.1484794617;71.9199981689;22.9020509808;119.109172821;17.7082538605;23.9346675873;5.26464168779;13251.386261;6.0
0;25.0666667248;42883.5540517;43323.3184942;0.0;324.124860128;51.7543563843;56.9693489075;1.92825561571;123.574985504;17.7576732635;23.9195480347;5.1301524064;42180.919576;6.0
0;23.3754792276;68856.9773254;54098.6028493;1.0;324.453882853;51.8188171387;57.1346168518;2.24782727801;126.178714752;18.0191516876;23.9195480347;5.09782824938;63610.0802409;7.0
0;24.5904219337;12329.0356394;3500.11837769;0.333333333333;361.491186778;51.7421607971;56.801525116;2.48698615796;137.613674164;17.7695083618;23.9945487976;5.49326651085;15166.6182861;7.0
0;25.4977010886;6829.55343119;5922.76261139;0.0;309.215649923;51.7421607971;58.8320159912;4.33124018733;118.036034902;17.9583511353;24.060585022;4.88049920598;6551.4683431;6.0
0;25.6666666456;2249.79014079;933.458669027;0.333333333333;365.148701986;51.8237342834;57.6162796021;3.12199358097;136.199975332;17.8690185547;24.2014293671;5.52579240614;2015.6010081;7.0
0;24.567433058;22792.0513153;17885.1254857;0.0;313.145062764;52.6106185913;58.7569160461;2.20329500724;110.08758227;0.0;23.7456169128;27.9798823265;40566.3051554;8.0
0;23.2122602649;21883.011322;9914.083402;0.0;370.316809336;51.9947471619;58.5787391663;4.49420371533;132.141626994;0.0;23.99858284;25.6838908001;57993.9759878;8.0
0;20.4919537256;106162.037257;1918.05267843;0.0;348.09937795;53.6895294189;57.5841407776;1.00175923306;124.082671007;6.174929142;23.8591346741;14.2163714163;105813.687627;7.0
0;24.63333339;11021.0293986;40444.5487467;0.0;311.282897949;53.5287780762;56.8604202271;0.888009077344;120.874093374;18.2035179138;23.8591346741;3.97889500143;10736.1241913;6.0
0;23.8413791656;5606.40458679;3772.56545512;0.0;311.64453125;52.5575218201;56.6095237732;1.81832713986;120.202580134;18.2052345276;24.0702190399;4.74544566875;21948.0593058;6.0
0;25.1605362619;12936.3811646;5863.40959167;0.0;330.989969889;51.7665519714;59.0296440125;4.48410311956;125.764343262;17.7358531952;23.9300231934;5.24858249023;74099.2061005;6.0
0;26.4444445819;6797.82871501;6455.83735911;0.333333333333;369.323566437;52.3257026672;58.6178207397;3.39264168056;141.841676712;17.9272861481;24.2109069824;5.32917893156;94270.0323842;7.0
0;26.7252876808;7740.31438192;4621.75902049;0.0;408.93138504;53.0392150879;62.3689727783;5.19182969608;154.291362127;17.8885402679;24.3154258728;5.61278022496;6654.96968587;8.0
0;24.9888890473;24512.5176341;11299.9872767;0.0;383.792477926;52.6152496338;63.9597473145;6.21011199713;148.79927063;17.8214378357;24.7321510315;6.67679122099;22248.9421997;7.0
0;24.6302674289;60321.676534;11369.8854116;0.0;295.757095337;52.2706489563;63.9597473145;6.10554672159;111.737109502;17.9634208679;24.626909256;4.95855359711;58037.2632548;7.0
0;26.38544085;20173.0885315;10952.1793493;0.0;334.529202779;52.5451316833;59.6853713989;4.71790138605;125.931379954;17.8320713043;23.9589691162;5.18830770937;19149.2313843;7.0
0;27.0551723689;76921.3680369;5656.58239492;0.0;363.443745931;52.1792602539;57.2115402222;2.24708613905;135.691193899;17.9497642517;24.078912735;5.06115837396;74542.3541718;7.0
0;25.4490423513;33175.0010732;53864.5669072;0.666666666667;401.630813599;52.1596488953;56.8738059998;1.88073976432;152.36436971;17.7273788452;24.6361236572;6.38695566507;47542.7305552;8.0
0;25.3946357605;40585.4730021;31302.4400126;1.0;362.791790009;51.9353141785;57.08253479;3.16081198012;137.717562993;17.7153892517;23.921415329;5.51582916463;39877.1243998;7.0
0;23.2275859378;87743.0112508;7116.0414149;0.666666666667;404.470984141;52.7570915222;59.6212425232;2.84912580677;154.798699697;17.6960163116;24.9150714874;6.71631191144;85704.1890767;8.0
0;26.4095792621;27484.3081868;18125.0480525;0.333333333333;345.698668162;52.695186615;57.7743186951;2.65336102571;131.408315659;17.8110351562;24.1491851807;5.7555379584;25432.6031189;7.0
0;25.0000000559;55869.5721486;30237.4238942;0.0;328.842706045;52.2975349426;57.9532165527;2.54477321431;122.091071447;17.8883304596;24.0033683777;4.87690451908;54163.6790873;6.0
0;24.2122607715;24705.5050659;6222.35502879;0.0;349.106217702;52.8525772095;58.3274497986;2.7158389636;130.19066747;17.866312027;24.0727863312;5.39329960485;51777.3210704;7.0
0;26.4854406615;12313.2627614;16364.0692825;0.0;364.423114777;52.7335700989;58.383102417;1.43379747894;140.581864039;17.8268947601;24.5784320831;6.17886571576;11728.2185465;7.0
0;25.1417620306;95547.8516998;34708.9714966;0.0;347.656442006;53.1771011353;57.3899612427;1.30869813626;129.843704224;17.7310237885;23.9769134521;5.33618025303;93345.8227844;7.0
0;23.7555557055;48092.2298635;29965.0651728;0.333333333333;364.971844991;52.2706489563;58.162109375;2.28958248592;144.306111018;17.6667690277;24.7638397217;6.43212390459;47761.7921397;7.0
0;24.444444788;16527.3743235;9171.63464101;0.0;382.908819834;52.2706489563;57.4362945557;2.86768334194;145.845044454;17.6550769806;24.698764801;6.19076766081;15236.3168335;7.0
0;24.9681998963;29603.6158396;21786.6327489;0.0;416.820883433;52.2816886902;60.5448989868;3.34962424112;160.573862076;17.7017498016;24.7787132263;6.66350139387;26632.9479167;8.0
0;25.5168575545;40524.1041361;7693.51807149;0.666666666667;385.977120717;52.0947380066;58.5177154541;3.97379734757;147.435718536;17.7013683319;24.5400848389;6.36990163468;35891.1430562;7.0
0;25.3758614411;114324.57461;27549.7537384;0.333333333333;416.641816457;53.0482139587;57.8891067505;1.24027650921;162.007437388;17.7393283844;24.5170211792;6.6255508105;145077.010569;8.0
0;24.3536393245;15590.2580973;12768.1863937;0.0;347.664922078;53.4111328125;58.162109375;1.79325966988;131.732067108;17.7393283844;24.1027355194;6.05701777398;14988.4051208;7.0
0;25.8333332973;50843.9911957;15962.534874;0.0;352.920433044;53.2491035461;60.3630828857;4.48948363157;133.281464895;17.4900455475;24.5430297852;6.28254038386;58685.4042562;7.0
0;25.6367810654;28983.7683207;5539.9285202;0.666666666667;310.539053599;53.0392875671;58.2230911255;1.70605561291;119.603040059;17.6039848328;24.5430297852;5.60013219561;37959.1807098;7.0
0;23.7823754686;38939.3065491;5449.70667013;0.0;326.586508433;52.0736846924;57.7631072998;3.15234965897;127.184986115;17.5995254517;24.5223407745;5.88748102524;35388.9984283;7.0
0;22.3865902834;29608.9037069;7969.5935084;0.0;349.068635305;51.972026825;59.635269165;4.36169012164;133.472215652;17.7578334808;24.5223407745;5.97407256769;29754.6769613;7.0
0;23.3436778945;61108.5369466;15447.5581462;0.0;364.133363088;51.649307251;58.3411750793;3.05676338314;142.46681277;17.7242412567;24.5002689362;5.98519381564;61333.9117228;7.0
0;24.1540224589;71530.519282;24089.9317881;1.33333333333;380.118764242;52.0;56.822517395;1.60674275182;146.178691228;17.5951766968;24.5002689362;6.50728972184;65818.5473785;8.0
0;25.3555559317;7035.56593831;4650.66407776;0.0;365.810585022;52.8238449097;58.8934898376;2.15572924808;139.558928172;17.6118793488;24.4774150848;6.40417752996;45650.6454112;7.0
0;23.8003833989;15123.3057658;24760.1318563;0.0;382.592484792;51.7857131958;58.30078125;2.53877044594;149.92947642;17.6591205597;24.7186794281;6.58672534174;24908.1892497;7.0
0;23.028352658;1882.28758748;910.711115519;0.0;346.185357412;51.9178314209;57.1961555481;2.62869992216;131.672158559;17.7197360992;24.6795444489;5.66139514113;51849.4607747;7.0
0;23.4122607137;18378.1553396;10948.9757156;0.0;362.381913503;51.7317085266;56.5494308472;1.78796888896;141.74253273;17.8723716736;24.6330661774;6.0231126103;27387.8535411;7.0
0;24.1701149357;22575.1594849;8925.86914317;0.0;330.925333659;52.3968238831;60.4756088257;3.84893246846;126.114573797;17.8242092133;23.9967765808;5.1957655272;27318.9421997;6.0
0;23.737931444;10568.9502563;8867.70456441;0.333333333333;383.3188591;52.1491241455;58.1328125;2.65769887081;148.119910558;17.831735611;24.6697254181;6.34455906926;16876.3575541;8.0
0;21.7888889027;54009.6056417;23542.5358302;0.0;366.369668325;52.447971344;57.6854362488;2.48172716791;137.45395724;17.7359752655;24.079126358;5.75806811387;45437.5716502;7.0
0;23.3222216492;24975.4875081;32108.169693;0.0;383.781543732;52.7815284729;57.3044319153;1.56231087961;150.399764379;17.7044277191;24.7273921967;6.81370588068;24472.3272705;7.0
0;21.5720310832;78950.9071554;39908.0079041;0.0;424.185422262;53.4936943054;58.4263267517;2.19313263752;162.404455185;17.6834793091;24.7108383179;6.7765484249;78081.9795074;8.0
0;25.0632182956;26204.3912201;23435.2426046;0.0;384.413173676;51.973777771;57.2076911926;2.13154658965;144.216766357;17.676820755;24.4677886963;5.9445844906;26777.1049805;7.0
0;24.1195412005;48126.9654795;40003.384285;0.666666666667;365.981817881;52.7939605713;57.5377159119;1.01171361078;139.68370374;17.6197738647;24.6420650482;6.38765916571;44378.0795898;7.0
1;3.44444473584;838.090230306;128.753275553;0.0;57.001894633;55.9736328125;58.7371559143;1.5227674412;3.16126056512;0.0;8.17678165436;12.8624340828;783.953348796;1.0
1;4.37318007151;646.303609212;52.1643104553;0.0;55.3856608073;54.8911437988;55.8721809387;0.160437619996;16.8524802526;13.247136116;20.0605831146;7.8160769822;624.076253255;1.0
1;4.25555562973;661.591267904;60.1228497823;0.0;57.0147692362;56.4212532043;57.3648643494;0.178027204018;21.8615353902;21.2908172607;22.5029067993;0.247356117881;634.930135091;1.0
1;4.37203057607;649.000834147;52.5243263245;0.0;57.9361813863;56.8639831543;59.6613235474;1.51735343301;23.1522343953;22.9656410217;23.2855892181;0.0184783130446;625.063476562;1.0
1;4.22222216924;664.367980957;61.5196838379;0.0;56.111017863;55.3147125244;56.7404594421;0.352714135994;23.4673875173;23.3233013153;23.6810379028;0.023748832159;637.669433594;1.0
1;4.15555556615;676.050842285;66.1048291524;0.0;58.2004089355;56.698474884;59.5;1.32856183811;23.3840490977;23.2282466888;23.6067695618;0.0261189406115;648.441141764;1.0
1;4.33333333333;649.303181966;50.9071578979;0.0;56.9744415283;55.7142868042;58.1167297363;0.968901598166;23.5401058197;23.3920783997;23.7627811432;0.025689575421;625.043395996;1.0
1;4.06666668256;684.711527507;70.5264994303;0.0;56.5241610209;55.4301681519;57.8927879333;1.04846129359;23.6217390696;23.6054973602;23.6452617645;0.000290041016544;657.873046875;1.0
1;4.23333326976;662.171773275;59.9767214457;0.0;56.3786099752;55.6367034912;57.1923065186;0.405893702762;23.553155899;23.4046859741;23.7599010468;0.0227276254324;638.377726237;1.0
1;4.14636031787;681.030497233;66.0093282064;0.0;56.4663937887;55.7936210632;56.9731788635;0.24566871744;23.5604743958;23.5012226105;23.6025829315;0.00185926461563;654.734558105;1.0
1;4.19999996821;666.169372559;61.5010007222;0.0;57.3795102437;56.752872467;58.5570869446;0.694298495901;23.2001164754;23.0713443756;23.3094234467;0.0096363862936;639.758036296;1.0
1;5.18888894717;942.847188314;111.028884888;0.0;75.3927281698;55.1821556091;57.5183753967;0.804517670465;23.3831361135;0.0;23.5230312347;102.536220987;897.784932454;2.0
1;7.69999996821;1473.47513835;169.61464564;0.0;115.027077993;56.0188674927;58.6725845337;0.770341480977;24.6009477774;0.0;23.5632801056;124.870384485;1386.79996745;2.0
1;8.1819922924;1374.73337809;148.47320048;0.0;113.080458323;55.1280136108;58.18359375;1.10912870077;37.1147492727;9.98138523102;23.4528217316;27.5657887329;1313.91896566;2.0
1;7.84444411596;1453.8474528;174.567509969;0.0;111.764727275;54.9223670959;58.6090354919;1.61503455381;44.1081759135;19.2719020844;23.5492782593;2.46431062951;1358.70302327;2.0
1;7.6777780056;1499.31337484;189.886581421;0.0;110.753697713;54.5753669739;56.1094322205;0.298690911716;46.4281953176;22.4931354523;23.5806922913;0.147346438905;1383.52742513;2.0
1;8.2406129837;1383.20963542;140.852456411;0.0;114.692217509;55.3457260132;59.8933601379;2.11076982235;47.3074042002;23.3884410858;23.8268489838;0.023813878366;1306.38326009;2.0
1;9.60000022252;1586.62379964;157.274280548;0.0;130.865338643;55.0277786255;57.347492218;0.776522860167;47.585284551;0.0;23.9806156158;69.3530351629;1513.04477946;3.0
1;12.4034481843;2049.1468099;200.177875519;0.0;170.702747345;54.9667282104;59.0099220276;1.71390716664;54.5697375238;0.14506700635;24.1569633484;72.5605600737;1952.30135091;3.0
1;12.491571029;2040.0637207;199.990926107;0.0;169.405999502;55.6310844421;58.0390625;0.589483642706;66.5647697449;17.6013565063;24.1972160339;5.24540769335;1945.64259847;3.0
1;12.3999991417;2041.75587972;198.989210765;0.0;168.732705434;55.1263923645;56.9750976562;0.376176086331;68.4776210785;20.8767318726;24.2831439972;1.96087986783;1948.00018311;3.0
1;12.366666317;2049.00276693;196.794053396;0.0;168.666029612;54.373626709;57.555770874;1.32135738401;68.8351249695;21.2053527832;24.1714344025;1.39265213686;1951.3634847;3.0
1;12.3333334923;2055.67207845;215.453374227;0.0;169.04769516;55.3445053101;57.6427192688;0.416824159662;68.8205025991;21.2255420685;24.1211795807;1.28805064675;1960.55224609;3.0
1;13.0034483274;2511.06730143;305.240300496;0.0;185.312676748;54.1204376221;57.0921287537;0.798821799514;69.0909031828;0.200957000256;24.1528320312;48.0537313351;2347.26782227;4.0
1;15.1000002225;3092.72428385;423.228068034;0.0;221.195976257;52.6560287476;56.7614517212;1.25155220068;84.339571317;10.7846498489;24.2489547729;15.0028854207;2895.36930339;4.0
1;15.381609122;2989.39735921;371.567240397;0.0;223.553623199;53.8892936707;57.5415878296;0.983438035435;87.5677407583;18.2548465729;24.3949813843;5.21757389071;2809.76660156;4.0
1;15.4555551211;2975.5984904;373.624337514;0.0;226.223220825;54.1693992615;59.7231063843;2.14919316173;87.3426208496;18.3802852631;24.1385402679;4.52768614113;2807.14626058;4.0
1;14.7685818672;3126.67449951;434.899536133;0.0;223.768405914;54.3351631165;59.2147102356;1.71689460432;87.343793869;18.5000629425;24.0957527161;4.45948000487;2911.96331787;4.0
1;15.410344998;2957.89837646;361.060387929;0.0;221.94013087;54.0036315918;57.7456321716;1.47755856917;87.3131516774;18.0909461975;24.2129192352;5.11047060764;2782.92167155;4.0
1;16.47854352;3252.67618815;427.612599691;0.0;243.44623057;53.5665473938;58.8099021912;2.04866216071;87.2292861938;0.0;24.2476043701;38.5317900408;3067.7131958;5.0
1;18.9295019309;3752.68475342;493.737176259;0.0;280.92605718;54.4058494568;58.6410255432;1.317224243;87.5609770219;0.0;24.0409011841;76.78793662;3533.03588867;5.0
1;19.7444447676;3612.40779622;431.446647644;0.0;277.404693604;53.0697669983;57.5319137573;1.56357950101;97.8853109678;6.80316305161;24.051153183;25.1660831362;3411.9993693;5.0
1;20.2931036154;3521.06933594;384.200485229;0.0;277.665376027;53.9528121948;58.8891105652;1.60330528913;106.111018499;17.0941314697;24.1089344025;5.55883484505;3339.73925781;5.0
1;20.1597697735;3525.4845988;374.419410706;0.0;281.638011932;53.9618873596;59.2051811218;2.00421498321;109.62041537;18.2202854156;24.0731811523;4.08357202367;3340.32849121;5.0
1;19.4000000159;3662.03273519;440.985280355;0.0;281.095569611;53.3543167114;57.7898826599;1.29218822662;110.930606206;18.2503089905;24.1694812775;4.69636482893;3456.24702962;5.0
1;20.638314565;3919.01096598;483.468757629;0.0;299.626180013;52.786857605;60.1457481384;3.3899318282;111.668641408;0.0;24.437292099;33.7690671802;3698.27105713;6.0
1;22.4095784823;4680.85577393;643.384962718;0.0;335.252937317;54.0581817627;57.2115402222;0.854722597051;120.845523516;1.29957294464;24.6641921997;35.4360037608;4418.6624349;6.0
1;26.2739468416;5368.63659668;741.487686157;0.0;397.237326304;53.7160949707;75.5;18.7033285933;141.894812624;0.482380986214;24.7799091339;29.6925120065;5069.09592692;7.0
1;26.8804593086;5237.34570312;682.894185384;0.0;391.321122487;53.1037559509;58.337890625;1.57782068749;150.509796778;17.8154735565;24.7255954742;6.18121155712;4951.59879557;7.0
1;26.1015324593;5446.73781331;756.926250458;0.0;390.613878886;52.8701057434;58.6291923523;1.62114351988;151.065826416;17.7742233276;24.8046836853;6.27151383897;5141.99253337;7.0
1;25.3888888359;5559.17289225;819.507287343;0.0;389.369222005;54.0127258301;56.9080467224;0.541969482053;150.765568415;17.7744750977;24.8656864166;6.35216017631;5191.29618327;7.0
1;27.1180071036;5687.66996257;796.729276021;0.0;410.342791239;54.0819664001;58.095703125;1.51263492461;151.113102218;0.38232499361;24.7501583099;25.4521051035;5318.97757975;8.0
1;29.2111113071;6382.11358643;913.855611165;0.0;453.741022746;53.8550720215;60.4878044128;3.29918107361;166.253157616;11.1742258072;24.6021671295;10.788490218;6009.20737712;8.0
1;29.4111111959;6316.67738851;911.226361593;0.0;445.219819387;53.6407928467;58.2309188843;1.1536293522;169.279015223;17.7426147461;24.8449707031;6.72235964965;5943.55698649;8.0
1;29.7045974731;6229.91416423;862.186177572;0.0;450.183386485;54.1770057678;58.6804733276;1.2377197257;168.938161214;17.8560695648;24.8065624237;6.57568628973;5890.68945312;8.0
1;2.82835261027;976.444641113;197.568471273;0.0;55.1817944845;54.4330291748;55.8893051147;0.354307576493;15.9629891713;11.8465557098;19.1239185333;9.28316231955;920.444437663;1.0
1;2.90459767977;986.164245605;177.561289469;0.0;54.5027186076;53.7590560913;55.8251876831;0.878991808949;20.3914813995;20.1904239655;20.5505161285;0.022494014857;930.896179199;1.0
1;2.69846725464;1063.20320638;225.578582764;0.0;53.8232549032;53.3064498901;54.4972496033;0.248688291665;20.6967779795;20.4706020355;20.9584522247;0.0402963658788;997.792215983;1.0
1;2.62222202619;1080.00311279;255.655537923;0.0;53.9240582784;52.9145889282;54.5504570007;0.51938227807;20.802019755;20.6836147308;20.9436092377;0.0115349501535;1025.79125977;1.0
1;2.88888891538;960.025065104;177.828806559;0.0;52.4253692627;52.1652030945;52.871887207;0.100597231387;20.7087408702;20.5638389587;20.8859710693;0.0178174085409;914.000020345;1.0
1;5.02222204208;1503.88269043;250.213055929;0.0;100.140061696;52.6507110596;80.9538040161;112.975709284;20.8019288381;0.0;20.9102840424;103.856476922;1427.48335775;2.0
1;6.80306506157;1749.36639404;281.734779358;0.0;108.565970103;52.2852096558;56.6723823547;1.79313945807;29.7856077353;2.09680199623;20.8240413666;48.8414279443;1641.36905924;2.0
1;6.54329506556;1799.97078451;300.749379476;0.0;108.828818003;53.3375205994;56.1018867493;0.707824988642;40.6027825673;18.1001319885;21.1124343872;1.07172779029;1689.11651611;2.0
1;6.74444452922;1718.42193604;265.605796814;0.0;109.299711863;53.2634391785;56.6323814392;1.53663989807;43.0957590739;20.6545810699;22.8991527557;0.736646732025;1619.1449585;2.0
1;6.40000033379;1834.49123128;332.582064311;0.0;111.651769002;53.8191680908;58.1890830994;1.90830870405;43.9997081757;20.7657546997;23.2827415466;1.35386037928;1728.27821859;2.0
1;6.2555557092;1916.45107015;346.150436401;0.0;112.891488393;54.7292823792;57.9046707153;1.03539779805;43.8602517446;20.6334934235;23.380531311;1.57003621391;1794.42728678;2.0
1;8.23026823997;2496.64123535;457.691019694;0.0;147.231736501;53.7215194702;56.3301696777;0.731410182085;48.4284586708;0.842276990414;23.4641304016;54.0457621576;2330.93599447;3.0
1;8.62222194672;3137.35534668;631.495052338;0.0;167.178551992;52.6826248169;58.9940490723;3.52971381344;61.523964564;16.6859970093;23.5469779968;6.48070446368;2891.7171224;3.0
1;9.13793079058;2875.68041992;518.503033956;0.0;168.145706177;54.8782272339;57.6873779297;1.18554556998;61.6441720327;17.3821563721;23.4812908173;5.75646903454;2644.55668132;3.0
1;9.02222188314;2892.68874105;554.458137512;0.0;164.39589564;52.1315803528;57.4487419128;2.58599765238;61.9652334849;17.4254589081;23.7449436188;6.15813828078;2675.14774577;3.0
1;9.80268160502;2639.14282227;431.558509827;0.0;167.748788198;54.5119247437;58.1232872009;1.04369168161;61.8628959656;17.4692516327;23.7823143005;6.11062064985;2455.70574951;3.0
1;9.52222235998;2724.29929606;491.568361918;0.0;165.553401947;52.9465255737;56.8413009644;1.27134248466;62.2826722463;17.4470672607;23.9393100739;6.82516406363;2522.58823649;3.0
1;11.3111112912;3398.19254557;598.489176432;0.0;205.658379873;53.1810035706;67.0360336304;13.6473775996;66.5838253299;0.925759017467;24.0071563721;40.6654712911;3120.34771729;4.0
1;12.2888886134;3735.95998128;709.284011841;0.0;216.000165304;52.3950614929;55.8273925781;1.24701724663;79.2303962708;16.875793457;23.9286632538;7.33843452744;3438.86804199;4.0
1;12.3616855145;3706.23419189;651.548187256;0.0;218.665964762;52.4320983887;57.6899223328;2.49674062493;79.5750865936;17.2460403442;23.8927001953;6.97195933088;3395.94517008;4.0
1;12.3222220739;3738.50748698;689.559773763;0.0;217.820065816;52.8629875183;55.6385765076;0.675407806986;79.699915568;17.4563865662;24.0052261353;6.55219218707;3419.42889404;4.0
1;12.260919412;3854.18424479;722.704186757;0.0;219.406599681;53.229801178;57.3564529419;1.49883958915;79.6685746511;17.4706783295;23.7914829254;6.53760464477;3529.79701742;4.0
1;11.8555554549;3892.55234782;718.363736471;0.0;216.972595215;52.6737594604;55.4402999878;0.684310797699;79.5620288849;17.2897853851;23.8470420837;6.94201152195;3524.1461792;4.0
1;13.5218390624;4701.0057373;933.16633606;0.0;260.331255595;52.6053085327;69.2558135986;16.4935611718;79.6439698537;0.0;23.6125106812;53.9877213581;4261.56013997;5.0
1;14.9222226938;4784.95707194;921.24887085;0.0;276.288374583;53.487411499;58.5680923462;1.82525817294;86.2313138147;0.467491000891;24.0642280579;39.8982254612;4394.71413167;5.0
1;14.5444440842;5067.60103353;975.046839396;0.0;278.196512858;52.7726478577;58.4459724426;2.0210835667;97.9833955765;15.9879751205;23.7563209534;6.31070037495;4642.29302979;5.0
1;14.8758622805;4898.21396891;907.787111918;0.0;278.570058187;52.0140113831;61.3422698975;4.29647300017;102.057676951;17.3985023499;23.7634181976;5.84882130424;4489.33614095;5.0
1;14.4777778784;5082.85858154;966.94826889;0.0;275.058395386;52.7254905701;56.6438102722;1.25971025374;103.345801671;17.40076828;24.02161026;7.06174592287;4615.52514648;5.0
1;14.4333337545;5112.2800293;1010.0915273;0.0;275.335826874;53.0839271545;57.0652580261;1.28393289072;103.516167959;17.2054138184;23.8580818176;7.83213037662;4651.82358805;5.0
1;16.9222222169;5567.76698812;1059.32014465;0.0;316.698857625;52.5274353027;58.111328125;2.1651374868;103.867977341;0.0;24.0064544678;50.0765480337;5070.58607992;6.0
1;17.7176242669;5950.43888346;1111.42973582;0.0;331.56825002;52.2922554016;59.2774467468;3.22821852906;117.69989713;8.90186023712;23.9849033356;14.9389399578;5411.11183675;6.0
1;18.0517239571;5807.8700765;1096.48522822;0.0;331.537637075;52.8772239685;57.8929977417;2.30567060834;124.363665263;17.4231834412;24.3384132385;6.75210112763;5271.04229736;6.0
1;17.9333333969;5891.1060791;1121.78702799;0.0;330.232638041;52.2781677246;57.3629341125;1.64939646063;124.882607142;17.2419624329;24.0073547363;6.66043552431;5364.0783488;6.0
1;18.1091953119;5792.46105957;1155.72041321;0.0;329.779520671;53.3866920471;57.1730766296;1.33068465654;124.869087219;17.1574249268;23.9495182037;6.57000978438;5296.90401204;6.0
1;17.5555553436;5994.91680908;1128.39522044;0.0;334.141825358;52.985584259;58.8043479919;3.06855697403;124.615279516;17.1703243256;23.9965190887;6.68066926597;5428.33115641;6.0
1;19.7011493842;6584.25213623;1271.03743871;0.0;365.755237579;52.5858421326;57.2103233337;1.48177451519;127.939348631;0.0467780008912;23.7403526306;29.9255414795;6031.27734375;7.0
1;20.3888892333;7074.58518473;1277.12595367;0.0;387.510458628;53.1395339966;58.2348327637;2.3028063474;142.684370677;16.7124443054;23.9030094147;6.69304061901;6431.48968506;7.0
1;19.7555550734;7469.96950277;1531.25787481;1.33333333333;385.150819143;52.5833320618;59.5511016846;3.18692844174;143.283989588;17.224237442;23.8539295197;6.61805306266;6777.35304769;7.0
1;20.7559394042;6966.8988444;1307.13194529;0.0;386.440376282;53.0948104858;58.01953125;1.55548663083;143.208758036;17.2715892792;23.9303283691;6.56081171162;6314.59242757;7.0
1;20.3501911958;7051.42006429;1333.04100545;0.0;383.170728048;53.0339279175;56.7843513489;1.14061250744;143.207438151;17.2625026703;23.9885253906;6.27225066041;6391.33758545;7.0
1;20.0716472467;7137.46114095;1411.85377375;0.0;385.779822032;51.972026825;58.7100601196;3.28624806255;143.401388804;17.5497703552;24.0122528076;6.09627562913;6464.05267334;7.0
1;22.1655166149;7758.91556803;1489.86865997;0.0;425.756170909;52.8558731079;59.0277786255;2.02569336164;143.235039393;0.0;23.9432315826;39.1020313691;7024.60797119;8.0
1;23.3103455702;8115.41235352;1539.80074565;0.0;445.525887807;53.0232124329;59.0656051636;2.87250248786;145.898118416;0.0;23.9868984222;40.1483024082;7348.07887777;8.0
1;23.7134104172;7996.40478516;1524.74689102;0.0;440.159455617;52.7708702087;58.9504966736;2.46194330566;158.270499865;11.5559654236;23.9146308899;10.2002000952;7262.06955973;8.0
1;23.8057477872;7961.94576009;1514.54608154;0.0;442.475833893;51.93019104;60.4004058838;4.4622765111;164.155125936;17.4968013763;24.0681266785;5.88072329226;7185.38608805;8.0
1;23.3888889551;7978.08603923;1519.30861664;0.0;439.385261536;52.2892875671;57.4305000305;1.73121545155;166.46380806;17.4448852539;23.961271286;6.34029875436;7266.47662354;8.0
1;23.0440614223;8214.1227417;1639.38003794;0.0;441.075934092;52.6790771484;57.3996124268;1.45122739117;167.53898557;17.5226249695;24.1886444092;7.00354322511;7413.74985758;8.0
1;23.5337166389;8077.13415527;1579.96973419;0.333333333333;441.916716258;53.0912361145;57.7145614624;1.47379179591;168.328725815;17.515007019;24.4956073761;7.32332551299;7329.65344238;8.0
